1110110000111100010100111011100000001010101110101000101101100100
1001001111000110010001011101101110111101011001010010001101111110
1100010011010000101010001010100110010000010000001000101100011001
0011100100111101110001111011011101001011011101111101011111101101
0010100101101110101001100000001010110111000110100111111111011001
0000101110010001101010011100011111011110011101100110110010000110
1010011000010110110111011101010101111010000011000111000111101111
1000010110001101001011001101111010110100100011101100100111010011
1110010101101010110001001111010011111001001111111101101001001011
0110110000001001101110100110000111010111101001110110000111000110
0100100110001101101101110010001101100111000001110001000011101001
0100011011000101001010111010111010010100000001101010000011011011
1011011111011010110001011011101101000010010101001011111110111101
1001010001111001000110000001001100111001110101010001101010111011
1110110000001001100111011101011011010001110100001001100011101111
0100111000101000111110100111011001000110000100111110111010110000
1100111110111001100100111111011001101001011111000011001101000010
1001101101010101000101111110011000100011011101000100101010100000
0111000101111100001011111011111001100010101111010110010100010111
1000000000010001110001110010110100010110000001011011000100010111
1111110010111101111111000001000111000111100100101100111100100100
1100010010111111001111011111100010000110010111000000101001001011
1110100111001001000100100000101101011101110100110101111011010111
0111110110011100001110010010101010010000011100110001010011101001
0010100010110100100111011110100011100100010000110010110010101111
1000100111111100000101011101100101100000110001100100111001110001